conv2d <keras.layers.convolutional.conv2d.Conv2D object at 0x7f7addcf7fd0>
[<tf.Variable 'conv2d/kernel:0' shape=(2, 2, 3, 128) dtype=float32, numpy=
array([[[[-0.0853601 , -0.02182457,  0.03889445, ...,  0.10570425,
           0.01981766, -0.02421696],
         [-0.0727357 ,  0.0080784 ,  0.03919547, ..., -0.00760808,
           0.0171068 , -0.0100415 ],
         [-0.0354324 , -0.1056072 ,  0.09289243, ...,  0.01505329,
           0.04648503,  0.07909262]],

        [[-0.1137288 ,  0.01877881, -0.0159811 , ...,  0.01727126,
           0.07127895,  0.01880603],
         [-0.08077398, -0.10169996,  0.09872466, ...,  0.07693577,
          -0.0395317 ,  0.07427278],
         [ 0.06945048,  0.08813914,  0.02334414, ..., -0.08450943,
           0.05823125, -0.06464045]]],


       [[[-0.00598811, -0.07216914, -0.08943966, ..., -0.00643255,
          -0.03837457, -0.01075078],
         [ 0.01905279, -0.01073365,  0.04583906, ...,  0.00346825,
          -0.08537924,  0.01111355],
         [ 0.05936992, -0.03780003,  0.04690617, ..., -0.03243484,
           0.01320995,  0.03542336]],

        [[ 0.05334971, -0.02613432, -0.04245032, ...,  0.0241079 ,
           0.07203236,  0.04382988],
         [ 0.05831172, -0.00659889, -0.02119261, ...,  0.02655529,
          -0.00945339, -0.03046589],
         [-0.00243803, -0.08927995, -0.11497119, ..., -0.08027709,
           0.00295032,  0.08004065]]]], dtype=float32)>, <tf.Variable 'conv2d/bias:0' shape=(128,) dtype=float32, numpy=
array([ 3.3226494e-02,  0.0000000e+00, -2.4718588e-02, -1.0750999e-02,
        6.7682989e-02, -4.2564582e-04,  1.3099054e-02, -3.3331499e-02,
       -1.6417196e-02, -3.4406025e-02,  4.9954433e-02, -1.2194011e-02,
       -4.8227455e-02, -3.0831313e-02,  2.2602025e-03, -6.7793680e-03,
        4.0072739e-02,  0.0000000e+00, -1.9647079e-02, -3.1350430e-02,
       -3.9728028e-03, -3.0069364e-02, -8.0986116e-03, -4.5818005e-02,
       -4.0900321e-03, -7.8080851e-03, -2.9370269e-02, -3.6821060e-03,
        8.5372694e-02, -2.4103140e-02, -2.8949866e-02,  1.0478566e-02,
       -2.2498710e-02, -3.4690075e-02, -2.8539693e-02, -2.9297912e-02,
       -4.0213060e-02,  1.4718866e-02, -1.0991382e-02, -2.7300708e-02,
        5.3503674e-02,  7.2888292e-02,  3.2259125e-02, -6.3602636e-03,
        3.9557319e-02, -3.5799388e-02, -3.2149583e-02,  2.8878288e-02,
       -2.5225834e-03, -1.0852524e-02,  0.0000000e+00, -8.8199321e-03,
        3.1956527e-02,  3.0678179e-02,  7.6104593e-03, -2.4287673e-02,
        5.7009044e-03,  1.3149439e-04, -2.8112153e-02, -4.4610996e-02,
        2.2880699e-02, -3.7929572e-02, -7.1126339e-03, -5.9721060e-02,
       -1.3450605e-02, -3.1274211e-02,  8.4792702e-03, -4.5548533e-03,
       -3.7047509e-02, -2.4965687e-02,  2.0716485e-02, -2.6129433e-03,
       -1.9547436e-02,  0.0000000e+00,  0.0000000e+00,  0.0000000e+00,
        3.9631249e-03,  2.8664785e-02,  6.8545476e-02, -9.2606852e-03,
        0.0000000e+00, -3.5961930e-02, -3.1590224e-03,  7.1354806e-02,
        1.5193413e-02,  1.3376308e-04, -2.2710800e-02,  6.5346085e-02,
        1.5725426e-03,  0.0000000e+00, -3.6499973e-02, -4.3011736e-02,
        3.2909840e-02,  1.5596859e-02, -3.3777758e-02,  1.2720847e-02,
       -8.0337618e-03,  5.4633182e-02,  0.0000000e+00,  1.3659401e-01,
       -3.5990085e-02,  1.3249280e-01, -3.5045907e-02, -3.3671554e-02,
        5.6133170e-02,  5.7360761e-02,  3.3760391e-02, -1.2862664e-02,
       -2.4756180e-02,  3.5780106e-02, -2.8339939e-02,  2.3894217e-02,
       -3.3205200e-02, -1.7672693e-02, -2.1915041e-02, -1.7331528e-02,
       -3.6856659e-02, -3.3331518e-03,  6.1137229e-02,  1.4226291e-02,
       -2.8702101e-02,  3.4265786e-02, -6.2266402e-03, -2.8648064e-02,
        2.0760538e-02, -1.7914210e-02, -2.9732106e-02, -5.0160319e-02],
      dtype=float32)>]
max_pooling2d <keras.layers.pooling.max_pooling2d.MaxPooling2D object at 0x7f7addcf7e50>
[]
conv2d_1 <keras.layers.convolutional.conv2d.Conv2D object at 0x7f7adc669340>
[<tf.Variable 'conv2d_1/kernel:0' shape=(2, 2, 128, 128) dtype=float32, numpy=
array([[[[ 8.20687786e-02, -1.38708660e-02,  3.13743919e-01, ...,
          -1.56832207e-02, -4.19474915e-02, -4.25378904e-02],
         [-7.38855451e-02,  6.21478334e-02, -8.04632902e-04, ...,
          -6.80773705e-02, -2.66933218e-02,  1.22184530e-02],
         [ 2.66749666e-05, -1.10141307e-01, -4.84585278e-02, ...,
           4.54488359e-02,  7.50631373e-03, -1.65062416e-02],
         ...,
         [ 1.65052395e-02, -4.86484282e-02, -4.99723069e-02, ...,
          -2.27670427e-02, -4.02381271e-02, -3.02681252e-02],
         [-1.04496978e-01, -1.08798578e-01, -1.04813293e-01, ...,
          -3.21817584e-02, -2.55666319e-02,  3.41582857e-02],
         [-1.32272556e-01,  4.61173467e-02, -1.18932523e-01, ...,
          -7.27667063e-02, -2.14467309e-02,  9.06459019e-02]],

        [[ 8.71430188e-02, -9.47433859e-02, -8.30599219e-02, ...,
           3.81970666e-02, -2.22793184e-02,  6.50376976e-02],
         [-3.91914062e-02,  2.30811462e-02, -4.63467836e-02, ...,
          -1.45809352e-02, -2.17274614e-02, -6.10013753e-02],
         [-2.23452933e-02,  1.62438154e-02,  1.97023433e-02, ...,
          -5.49746305e-02, -5.70975281e-02, -7.00468794e-02],
         ...,
         [-4.83354256e-02, -1.21170960e-01, -1.14690065e-02, ...,
          -5.59237376e-02,  5.86142465e-02, -3.90340686e-02],
         [-1.97636917e-01, -1.61062658e-01, -3.24721970e-02, ...,
          -4.43833657e-02, -1.01698842e-02, -4.46462557e-02],
         [ 1.30994573e-01, -8.94990787e-02, -7.19611645e-02, ...,
           4.40851822e-02,  2.74035465e-02, -2.62256004e-02]]],


       [[[-3.41435559e-02,  8.81933495e-02,  1.33606449e-01, ...,
          -3.90172042e-02,  6.71410337e-02, -5.16794696e-02],
         [-3.05106789e-02, -4.13578227e-02, -4.37059365e-02, ...,
           6.94275871e-02,  7.48177543e-02, -6.60765916e-02],
         [-8.29072669e-02, -2.37428192e-02,  1.08471364e-01, ...,
          -3.98390740e-02, -2.90704556e-02,  3.50326411e-02],
         ...,
         [-7.91985914e-02,  2.48954981e-03, -6.51148856e-02, ...,
          -6.40058070e-02,  3.10611278e-02,  5.25875483e-03],
         [-5.86095005e-02, -7.35665038e-02,  5.63323200e-02, ...,
           2.45513525e-02,  1.55187529e-02,  2.20230334e-02],
         [-4.75811549e-02, -3.20159784e-03, -3.19221094e-02, ...,
          -7.74679407e-02,  1.46235256e-02,  8.87845308e-02]],

        [[-3.14237289e-02, -4.76456061e-02, -1.41171589e-01, ...,
           6.35005981e-02,  5.44769540e-02, -7.03844102e-03],
         [ 3.63553315e-03,  7.45076016e-02, -5.26229665e-02, ...,
          -2.01069973e-02, -4.99778315e-02, -1.80298053e-02],
         [-1.17276963e-02,  9.64038372e-02, -7.01233372e-02, ...,
           4.14329693e-02,  5.28083257e-02,  2.07180120e-02],
         ...,
         [ 9.23685543e-03,  5.86405210e-02, -8.57029259e-02, ...,
          -4.47890647e-02,  3.78978699e-02,  1.16190696e-02],
         [-3.33505496e-02, -6.87918216e-02, -1.30134244e-02, ...,
           2.03909408e-02, -6.96486011e-02, -4.05313727e-03],
         [ 7.63914213e-02,  1.63406122e-03,  1.42992185e-02, ...,
          -7.41390511e-02, -5.65856099e-02,  3.37753654e-03]]]],
      dtype=float32)>, <tf.Variable 'conv2d_1/bias:0' shape=(128,) dtype=float32, numpy=
array([ 2.41387114e-02,  3.61039490e-03, -2.46337485e-02, -1.35945724e-02,
       -1.93090905e-02, -1.75365284e-02,  9.84762912e-04, -3.15213613e-02,
        1.04064912e-01, -6.07561786e-03,  1.95509326e-02, -1.50659801e-02,
       -9.52398311e-03,  1.68297160e-03,  5.52686937e-02, -1.31174056e-02,
        5.17899804e-02, -8.58502463e-03, -1.59860477e-02, -9.27692931e-03,
        8.99915118e-03,  4.10646424e-02,  7.26940436e-03, -1.62482802e-02,
       -5.17940614e-03,  4.96505126e-02, -1.34301381e-02, -8.22852645e-03,
       -1.56473871e-02,  3.08218114e-02, -4.13300516e-03, -2.05731113e-02,
       -6.14178414e-03,  2.77729305e-05, -7.17868377e-03,  3.60101052e-02,
       -9.98730399e-03,  2.62448750e-02,  6.39670566e-02,  1.98477339e-02,
        1.37339588e-02,  2.63008545e-03, -7.68022845e-03,  1.51847424e-02,
       -3.30922604e-02, -1.01726688e-03, -2.95435227e-02, -1.86626669e-02,
       -5.79490652e-03, -1.00581255e-02,  4.42421399e-02, -8.19189474e-03,
        1.85530279e-02,  5.01928926e-02, -9.85005870e-03, -3.03084143e-02,
       -1.44071262e-02, -3.70316207e-02, -8.68465751e-03,  5.85936867e-02,
       -2.15473957e-02, -1.47162760e-02,  1.10761514e-02, -3.07807326e-02,
        5.58512329e-05, -1.73558597e-03, -2.43580583e-02, -1.60489846e-02,
        2.41977125e-02,  4.11352552e-02, -1.21127127e-03,  1.94414444e-02,
       -9.01268516e-03, -7.96005037e-03, -9.67840031e-02,  1.19709345e-02,
       -1.24949934e-02,  5.48677170e-04,  5.96295819e-02, -1.05993086e-02,
       -1.25800855e-02,  6.20793039e-03, -2.29642186e-02,  8.35010558e-02,
       -9.22786165e-03, -1.26723628e-02, -5.70840901e-03,  1.36986505e-02,
       -1.03126233e-02,  2.87123807e-02, -7.75744766e-03, -7.05963792e-03,
        9.31092910e-03,  9.18610115e-03,  1.41554158e-02, -1.25992326e-02,
       -1.00433361e-02,  2.68515199e-02, -2.28060130e-02, -7.68510485e-03,
       -1.10059436e-02,  3.16315182e-02,  2.07110448e-03,  4.03079874e-04,
        5.12759425e-02, -5.02493000e-03, -8.72034393e-03, -7.81579409e-03,
       -6.37000473e-03,  2.12453399e-02, -1.52741671e-02,  5.68621345e-02,
        3.07582300e-02,  4.97082435e-03, -1.05799204e-02, -8.01867992e-03,
       -3.92808951e-03,  7.42130633e-03,  7.72686824e-02, -6.65521855e-03,
        2.48846761e-03,  3.17545398e-03,  2.25184893e-04, -9.26696416e-03,
        5.72849996e-02, -8.53647012e-03, -1.05867106e-02, -5.63205313e-03],
      dtype=float32)>]
max_pooling2d_1 <keras.layers.pooling.max_pooling2d.MaxPooling2D object at 0x7f7adc669f70>
[]
conv2d_2 <keras.layers.convolutional.conv2d.Conv2D object at 0x7f7adc669e50>
[<tf.Variable 'conv2d_2/kernel:0' shape=(2, 2, 128, 64) dtype=float32, numpy=
array([[[[-4.84470651e-02, -1.11880325e-01, -1.45916849e-01, ...,
          -3.58208567e-02, -3.87213789e-02,  1.19274266e-01],
         [-1.99118763e-01,  7.09908977e-02,  2.80843154e-02, ...,
          -2.97470465e-02,  5.64701818e-02,  1.12499759e-01],
         [ 4.40355353e-02, -1.65689901e-01,  7.31217256e-03, ...,
          -1.39137968e-01,  1.13062657e-01, -8.18658769e-02],
         ...,
         [-2.23176144e-02,  2.23697796e-02, -4.50053364e-02, ...,
           8.14756006e-02,  5.05205095e-02, -7.24782944e-02],
         [-3.23218317e-03,  4.42165807e-02,  3.84481661e-02, ...,
          -7.62760118e-02,  3.72901894e-02,  3.23148519e-02],
         [ 5.47502227e-02, -3.67006436e-02, -8.62285495e-02, ...,
          -2.00453512e-02, -9.77958813e-02,  2.19786093e-02]],

        [[ 4.49382663e-02, -1.44533619e-01,  3.77197787e-02, ...,
          -5.89733087e-02, -4.48692255e-02,  1.42442733e-01],
         [ 3.74892652e-02,  3.45533788e-02, -1.52903181e-02, ...,
           1.06491446e-02,  4.19562832e-02,  7.83688426e-02],
         [-1.84579026e-02, -8.48508552e-02, -4.08909805e-02, ...,
          -1.79485173e-03, -1.11042656e-01,  4.19709757e-02],
         ...,
         [-1.90896988e-02,  8.57970640e-02,  7.82034080e-03, ...,
          -3.61991599e-02, -1.61090344e-02,  1.54459346e-02],
         [-5.91175584e-03,  2.67212149e-02, -1.19802449e-02, ...,
           8.74216333e-02, -2.15397187e-04,  3.68041284e-02],
         [-5.70048131e-02,  4.71846536e-02,  1.02370925e-01, ...,
           6.11565709e-02,  1.15279563e-01,  6.60915449e-02]]],


       [[[-5.72349988e-02, -6.42528431e-03, -1.09632909e-02, ...,
           7.67730400e-02,  1.35094807e-01,  1.13921560e-01],
         [-4.01038788e-02, -6.07059039e-02, -1.07223690e-02, ...,
           1.14459328e-01,  8.83121714e-02,  2.56863743e-01],
         [ 5.29598370e-02,  1.31375551e-01,  1.37600694e-02, ...,
           1.13990322e-01, -5.23908064e-02, -7.31971636e-02],
         ...,
         [-4.47487198e-02,  6.86767176e-02, -2.20458359e-02, ...,
          -3.65525112e-02,  7.46976063e-02,  6.24679625e-02],
         [ 5.02069928e-02, -1.12120416e-02,  1.61736179e-02, ...,
           3.59121822e-02,  5.53117581e-02, -7.72136450e-02],
         [ 1.12804487e-01, -1.77330263e-02, -1.26935425e-03, ...,
          -5.39866388e-02,  2.33590696e-02,  1.00789440e-03]],

        [[ 8.40967149e-02, -1.54590920e-01,  1.67685643e-01, ...,
           1.09228557e-02,  2.44310331e-02,  1.68166742e-01],
         [-1.00125428e-02, -1.51669577e-01, -2.07822248e-01, ...,
           6.47052824e-02,  1.28043562e-01,  1.50294930e-01],
         [-2.39904579e-02,  5.69357537e-02,  6.23715706e-02, ...,
           7.47651458e-02,  2.28005022e-01,  1.00504771e-01],
         ...,
         [-2.21848674e-02,  3.10007632e-02,  3.13095488e-02, ...,
          -4.33985889e-02, -2.39002556e-02,  4.82127331e-02],
         [ 2.43631825e-02, -1.21771293e-02,  8.05725232e-02, ...,
          -8.67288187e-02, -8.48985985e-02, -3.00106741e-02],
         [-4.36097905e-02,  3.94259132e-02,  1.10631727e-01, ...,
          -1.33790877e-02,  3.63011993e-02, -3.48562337e-02]]]],
      dtype=float32)>, <tf.Variable 'conv2d_2/bias:0' shape=(64,) dtype=float32, numpy=
array([ 0.02372617,  0.03114032, -0.01655643,  0.02613643,  0.02618134,
       -0.01260119,  0.0326018 ,  0.00018212,  0.04250316,  0.03723796,
       -0.00653304,  0.01029576,  0.02157597, -0.00960071,  0.00683336,
        0.0309618 ,  0.01749293, -0.01380877,  0.01917674,  0.0013658 ,
       -0.00699479,  0.04137717,  0.02801771,  0.0361416 , -0.00718381,
       -0.012193  ,  0.0328658 ,  0.00821918, -0.02254515,  0.0053445 ,
       -0.0024819 , -0.00201026, -0.00016232, -0.01346909,  0.03137437,
        0.04121807,  0.01428265,  0.04654016,  0.03740649,  0.01051186,
       -0.0142501 ,  0.00995281,  0.01987968, -0.01252554,  0.02817251,
        0.00506955,  0.06328306,  0.0408195 ,  0.03500354,  0.00173188,
        0.04628835,  0.03019213,  0.00402297,  0.00635356, -0.00683734,
        0.00038905,  0.03053208,  0.10955491,  0.01573895,  0.03496164,
        0.01196355,  0.06145142,  0.0429478 ,  0.06315016], dtype=float32)>]
max_pooling2d_2 <keras.layers.pooling.max_pooling2d.MaxPooling2D object at 0x7f7adc69a0a0>
[]
conv2d_3 <keras.layers.convolutional.conv2d.Conv2D object at 0x7f7adc6367c0>
[<tf.Variable 'conv2d_3/kernel:0' shape=(2, 2, 64, 32) dtype=float32, numpy=
array([[[[-3.24256159e-02, -1.72133043e-01, -1.93608493e-01, ...,
           7.23444894e-02, -5.07312603e-02,  6.47822618e-02],
         [-7.71412849e-02, -5.41273132e-02,  1.10552356e-01, ...,
          -1.10199755e-04, -8.24615583e-02,  2.68152151e-02],
         [ 9.57180280e-03,  7.65292943e-02, -8.38292390e-03, ...,
           4.73287068e-02, -1.26629815e-01,  7.89333507e-03],
         ...,
         [-1.13241877e-02,  6.11805506e-02, -5.05591184e-02, ...,
           7.58890063e-02,  1.22614011e-01,  1.07460409e-01],
         [ 8.00134763e-02, -1.73896668e-03, -1.17688142e-01, ...,
          -5.17798997e-02,  5.81357814e-02,  7.65830055e-02],
         [ 5.04363589e-02, -2.79086351e-01,  5.03688827e-02, ...,
           4.08977829e-02,  1.29449517e-01,  7.31615648e-02]],

        [[ 7.23006204e-02,  5.88257462e-02,  2.87932139e-02, ...,
           1.05117321e-01, -2.45735332e-01,  7.40804896e-02],
         [-8.90614837e-02,  7.57461488e-02,  9.95151922e-02, ...,
           4.98930067e-02, -9.66654047e-02,  1.95829645e-01],
         [-2.58668605e-02, -3.53040546e-02, -3.57163399e-02, ...,
           5.16352318e-02,  1.26313686e-01, -1.10520810e-01],
         ...,
         [-5.68445101e-02, -4.55059903e-03, -2.06617229e-02, ...,
           1.23334900e-01,  4.76765409e-02,  1.27634272e-01],
         [-1.65416431e-02,  4.50928248e-02, -8.68067704e-03, ...,
          -4.04059030e-02, -4.62913029e-02,  1.21896982e-01],
         [-3.90427141e-03,  2.66240805e-01, -2.56900769e-02, ...,
           6.85899854e-02,  9.42571312e-02,  1.76771149e-01]]],


       [[[-1.17796831e-01, -6.05502538e-02, -1.70405462e-01, ...,
           1.73822224e-01, -1.92661777e-01,  2.25127675e-02],
         [-5.48836663e-02, -8.48576147e-03, -7.39273131e-02, ...,
          -6.25640452e-02,  1.40328752e-03,  7.32945725e-02],
         [ 1.09494748e-02, -3.33560854e-02, -2.11875280e-03, ...,
          -6.99701486e-03, -1.36884451e-01, -1.25037774e-01],
         ...,
         [ 5.19367382e-02,  4.38838378e-02,  1.21798716e-01, ...,
           5.79388849e-02, -7.54972249e-02, -4.21956293e-02],
         [ 5.29938787e-02,  3.68211120e-02,  1.24236625e-02, ...,
          -2.67054681e-02,  1.33272326e-02, -2.67772991e-02],
         [-4.22060527e-02,  2.00451434e-01, -3.24460976e-02, ...,
           1.07475467e-01,  2.65553534e-01,  3.56770605e-02]],

        [[ 2.40046516e-01, -5.22253849e-02, -1.23968450e-02, ...,
           3.03061046e-02, -1.62813887e-02,  1.91199780e-01],
         [-8.43863711e-02,  2.61048861e-02, -1.26257882e-01, ...,
          -1.48332836e-02, -1.43453414e-02,  2.77665108e-02],
         [-6.71867505e-02, -4.57803309e-02,  7.28201568e-02, ...,
          -5.88037372e-02, -8.12249258e-03, -1.08355455e-01],
         ...,
         [-4.15323079e-02,  4.41724434e-04,  6.97089285e-02, ...,
           3.88144515e-02, -5.69652282e-02,  1.15958035e-01],
         [ 4.02507968e-02,  1.16999224e-01,  3.14077698e-02, ...,
          -1.02569342e-01,  9.76315874e-04, -5.42257726e-02],
         [-9.15889516e-02, -2.05111519e-01, -9.64633450e-02, ...,
          -3.21483687e-02, -2.82701571e-03,  9.68900025e-02]]]],
      dtype=float32)>, <tf.Variable 'conv2d_3/bias:0' shape=(32,) dtype=float32, numpy=
array([ 0.02227461,  0.00207026,  0.0323399 , -0.08402076,  0.04458372,
       -0.00521746,  0.04255709,  0.01171828, -0.00558419, -0.03715759,
       -0.00235418,  0.01558891,  0.01634837,  0.03499456, -0.04423492,
        0.00868194,  0.05056589,  0.01648078,  0.0308804 , -0.02167097,
       -0.01866094, -0.00978219, -0.00638863,  0.01188378,  0.04816645,
       -0.03623667, -0.03003139,  0.02446504,  0.02816632,  0.04369515,
        0.08949514,  0.04175242], dtype=float32)>]
max_pooling2d_3 <keras.layers.pooling.max_pooling2d.MaxPooling2D object at 0x7f7adc63f040>
[]
conv2d_transpose <keras.layers.convolutional.conv2d_transpose.Conv2DTranspose object at 0x7f7adc636670>
[<tf.Variable 'conv2d_transpose/kernel:0' shape=(2, 2, 32, 32) dtype=float32, numpy=
array([[[[-0.03195592,  0.02851433, -0.07430768, ..., -0.13690381,
           0.02827208,  0.14743955],
         [ 0.23418546,  0.01330123, -0.15199591, ..., -0.05364687,
           0.15175666,  0.01857197],
         [ 0.2106253 , -0.18216228,  0.15353405, ...,  0.1991071 ,
          -0.11399581,  0.25435397],
         ...,
         [ 0.00562502, -0.06790765, -0.17357953, ...,  0.13447864,
           0.42507365,  0.04287726],
         [-0.111972  , -0.06487565, -0.28571898, ...,  0.17776287,
           0.08556234,  0.17991064],
         [-0.10091732,  0.03922645,  0.2739452 , ...,  0.2645545 ,
           0.07263148, -0.28841224]],

        [[ 0.07317228,  0.04408902, -0.08977254, ...,  0.07961842,
          -0.02291822, -0.0573573 ],
         [ 0.17265435,  0.08482347,  0.06411266, ...,  0.07264989,
           0.06476208, -0.05490481],
         [-0.04494147, -0.01693208, -0.07136341, ...,  0.07273308,
          -0.06631687,  0.02564599],
         ...,
         [-0.05202559,  0.00882334,  0.08320428, ...,  0.05525254,
           0.13682343, -0.03856136],
         [ 0.03997762,  0.01340052,  0.02467357, ..., -0.02422099,
          -0.00283637,  0.07268644],
         [ 0.0049242 ,  0.02510763,  0.08462217, ..., -0.03082944,
          -0.0401844 ,  0.06383771]]],


       [[[-0.12385119, -0.04346826, -0.0261055 , ...,  0.06363423,
          -0.02892299,  0.06780183],
         [ 0.17504908,  0.0905632 , -0.07555023, ...,  0.09542526,
          -0.03254978,  0.06785448],
         [-0.04039903,  0.02051759,  0.04428786, ..., -0.02679243,
          -0.06118734,  0.07840993],
         ...,
         [-0.07229015,  0.06668504,  0.07149554, ..., -0.00803573,
           0.03247036,  0.02610049],
         [ 0.02076695,  0.00133416, -0.00602626, ..., -0.05135106,
          -0.02782458,  0.06702062],
         [ 0.02132287, -0.0132273 ,  0.06060435, ..., -0.11684539,
           0.15956905,  0.01449304]],

        [[ 0.06026247, -0.04150452,  0.13461933, ...,  0.00122166,
          -0.02165248, -0.02465114],
         [ 0.12215909, -0.05851821, -0.04441219, ...,  0.02540141,
          -0.02756907, -0.01942919],
         [-0.04014057,  0.09772035,  0.05119782, ..., -0.01696789,
           0.04683157, -0.01931357],
         ...,
         [-0.06492169,  0.04911537,  0.0121934 , ..., -0.03847311,
          -0.07711198, -0.0260435 ],
         [-0.0391003 , -0.01823972,  0.01048596, ..., -0.00062027,
           0.05207929,  0.03603533],
         [-0.01641994, -0.04148429,  0.06163996, ...,  0.04453981,
           0.03034247,  0.05433158]]]], dtype=float32)>, <tf.Variable 'conv2d_transpose/bias:0' shape=(32,) dtype=float32, numpy=
array([ 4.38621268e-02,  1.62881073e-02,  1.00031451e-04,  2.48968471e-02,
        5.46272881e-02, -1.73403509e-02, -5.11560552e-02,  5.82665727e-02,
       -1.79833372e-03, -1.28722675e-02, -6.97123166e-03,  1.31891081e-02,
        1.77290384e-02,  1.03338614e-01,  2.96495967e-02,  6.16996996e-02,
        2.51311939e-02,  6.68599010e-02,  3.21603976e-02, -4.24665026e-02,
        8.62194076e-02,  7.19669834e-02,  7.71881789e-02, -1.26578715e-02,
        4.12174016e-02,  2.69164369e-02,  1.98988244e-02,  2.67413235e-03,
       -4.07142453e-02,  3.53703718e-03,  1.02373630e-01, -5.60465967e-03],
      dtype=float32)>]
up_sampling2d <keras.layers.reshaping.up_sampling2d.UpSampling2D object at 0x7f7adc64b040>
[]
conv2d_transpose_1 <keras.layers.convolutional.conv2d_transpose.Conv2DTranspose object at 0x7f7adc69aac0>
[<tf.Variable 'conv2d_transpose_1/kernel:0' shape=(2, 2, 64, 32) dtype=float32, numpy=
array([[[[-3.51033248e-02, -8.21239781e-03, -8.87510478e-02, ...,
           4.97019142e-02,  1.59288138e-01,  4.57758680e-02],
         [ 5.21199107e-02,  3.52268293e-02, -3.00822803e-03, ...,
           1.06335796e-01,  1.60295479e-02, -1.26994163e-01],
         [-5.11589944e-02, -9.41343531e-02,  4.70945463e-02, ...,
          -3.42007726e-02, -4.96315844e-02, -6.70335367e-02],
         ...,
         [ 6.60263300e-02,  4.72149663e-02,  1.45652503e-01, ...,
          -6.58293068e-02, -3.11159925e-03, -4.45991978e-02],
         [ 1.21297501e-02, -7.64586627e-02,  7.54008740e-02, ...,
           7.70315155e-02, -7.78679922e-02,  1.12824701e-01],
         [-1.35382056e-01,  1.03697684e-02, -1.10279165e-01, ...,
          -4.52527329e-02,  7.39935040e-02,  8.04136992e-02]],

        [[ 1.39544651e-01, -5.56142069e-02, -5.52555406e-03, ...,
           1.25972112e-03,  1.63541600e-01,  7.37323985e-02],
         [ 2.67776400e-02,  4.94543463e-02,  3.39088999e-02, ...,
          -7.99023807e-02, -2.81736236e-02,  3.80130149e-02],
         [-5.19319363e-02, -5.33817336e-02, -2.84982715e-02, ...,
          -3.56610194e-02, -1.69035375e-01,  7.74963945e-02],
         ...,
         [ 1.40165642e-01,  1.34461492e-01,  3.26083153e-02, ...,
          -1.40991047e-04, -9.34330523e-02, -4.96005714e-02],
         [-1.10495366e-01,  4.64835130e-02,  6.75053596e-02, ...,
           5.03832772e-02, -3.89680490e-02, -3.50819491e-02],
         [ 4.41999584e-02, -6.04965910e-02,  1.05007179e-02, ...,
           2.65384819e-02, -5.99649139e-02, -6.50960505e-02]]],


       [[[-5.14040142e-02, -5.56001477e-02, -9.54132453e-02, ...,
          -5.18419780e-02,  4.03214544e-02, -5.18826768e-02],
         [-5.14099598e-02, -1.20024852e-01,  1.43220112e-01, ...,
           1.08811028e-01, -1.04752280e-01,  2.88144238e-02],
         [ 8.89934823e-02, -2.68008444e-03, -3.46312975e-03, ...,
          -3.90484743e-02,  7.30859581e-03,  5.85672185e-02],
         ...,
         [-7.29841590e-02, -1.72702980e-03,  1.13176554e-01, ...,
          -6.41923323e-02, -1.81116238e-02, -2.68036444e-02],
         [ 1.39781877e-01, -9.85386521e-02, -1.48513885e-02, ...,
           7.33973309e-02,  9.10952762e-02,  2.77154315e-02],
         [-1.77582838e-02, -5.14735579e-02, -8.87877345e-02, ...,
           1.00363396e-01,  1.77336514e-01, -2.14102101e-02]],

        [[ 2.73844209e-02,  4.09264825e-02, -1.46454439e-01, ...,
          -2.72294451e-02, -7.80235827e-02,  4.40522581e-02],
         [ 3.83925848e-02, -1.34302618e-03,  7.65312314e-02, ...,
          -9.35986862e-02, -4.00651768e-02,  6.33507371e-02],
         [-1.36410162e-01, -5.15813380e-02, -1.10830225e-01, ...,
           1.15459403e-02,  1.02396555e-01,  1.01035044e-01],
         ...,
         [-8.56572390e-03, -9.06110629e-02, -5.21821938e-02, ...,
           5.95942922e-02,  1.06105179e-01, -4.99262102e-02],
         [ 2.22173147e-03,  3.69533747e-02,  4.50407043e-02, ...,
           3.19353342e-02,  7.81678930e-02, -9.70574841e-02],
         [ 1.83987189e-02,  1.77511014e-02,  4.18753587e-02, ...,
          -5.97216375e-02,  7.73521438e-02,  7.44576082e-02]]]],
      dtype=float32)>, <tf.Variable 'conv2d_transpose_1/bias:0' shape=(64,) dtype=float32, numpy=
array([ 0.08953724,  0.04512249, -0.00679819, -0.0308472 , -0.0087691 ,
        0.00717219, -0.00243641, -0.04287167, -0.02713697,  0.00939285,
        0.02849195,  0.02935377,  0.04280248,  0.09712581,  0.02484711,
        0.01579079,  0.00696811,  0.03994252, -0.00737142,  0.02704691,
        0.0133444 ,  0.077338  ,  0.07428911,  0.05159518,  0.01136942,
        0.01179124, -0.01167019,  0.03275824,  0.03736919,  0.02257867,
        0.01826521, -0.0050513 , -0.00989992,  0.02594826, -0.04654519,
       -0.02020764, -0.00137413,  0.01108796, -0.00907939, -0.08413488,
       -0.05037965,  0.02250639, -0.04820867, -0.00095642,  0.03128521,
        0.00250336,  0.01235599,  0.02308938,  0.02479242,  0.00300196,
       -0.00912401,  0.00671769,  0.04308126, -0.0030817 ,  0.03604565,
        0.02291539,  0.02302462, -0.00937772, -0.08375661,  0.11152034,
        0.01302747, -0.03465135,  0.017452  , -0.00433591], dtype=float32)>]
up_sampling2d_1 <keras.layers.reshaping.up_sampling2d.UpSampling2D object at 0x7f7adc64bd90>
[]
conv2d_transpose_2 <keras.layers.convolutional.conv2d_transpose.Conv2DTranspose object at 0x7f7adc63fd60>
[<tf.Variable 'conv2d_transpose_2/kernel:0' shape=(2, 2, 128, 64) dtype=float32, numpy=
array([[[[ 0.04089232, -0.0203889 ,  0.06752151, ..., -0.09300346,
          -0.05645616,  0.06905533],
         [ 0.03525601, -0.02291109, -0.05337211, ...,  0.01440645,
           0.04922737, -0.03705483],
         [ 0.01095823,  0.05135259, -0.08878496, ...,  0.0038235 ,
           0.04367105, -0.00133921],
         ...,
         [ 0.06471206, -0.04955153,  0.02238193, ...,  0.03590141,
          -0.04946338, -0.07430083],
         [-0.01391783, -0.14758672, -0.03327389, ...,  0.02413339,
          -0.08305117, -0.01477353],
         [ 0.05075036,  0.0125409 , -0.00570264, ...,  0.03822309,
          -0.11945149, -0.02318452]],

        [[-0.04951879, -0.08037052,  0.01023712, ..., -0.00572641,
          -0.01944145,  0.04789811],
         [-0.09041493, -0.01640327,  0.0386053 , ...,  0.04752833,
           0.00414452, -0.06753687],
         [-0.22764748,  0.00429544, -0.29081357, ..., -0.09251671,
          -0.13498844,  0.0327822 ],
         ...,
         [-0.2280197 , -0.21452783,  0.04967092, ...,  0.09775066,
           0.0212929 , -0.08445138],
         [-0.10787129,  0.0734824 ,  0.04568364, ..., -0.03174152,
           0.02777983,  0.05705083],
         [ 0.03076904,  0.09111228, -0.01631143, ...,  0.10433366,
           0.12227853, -0.00648241]]],


       [[[-0.09375196, -0.01945055,  0.05021977, ..., -0.08186888,
          -0.04542005,  0.01853037],
         [-0.08836487,  0.05942027, -0.07312223, ..., -0.10460457,
           0.00867932, -0.02668306],
         [ 0.04632993,  0.1564316 , -0.09476202, ...,  0.03735531,
          -0.08756096, -0.04426572],
         ...,
         [ 0.06969614,  0.03626654, -0.16297358, ..., -0.01203272,
          -0.03111234,  0.00164523],
         [-0.00514435,  0.1253237 ,  0.01556806, ..., -0.11254048,
          -0.11500593, -0.0135798 ],
         [ 0.06933729, -0.0458088 , -0.03679178, ...,  0.0409879 ,
           0.07753362,  0.01448619]],

        [[-0.05462584, -0.05070309,  0.06687994, ...,  0.05908847,
           0.02603598,  0.03456042],
         [ 0.03931111, -0.01827168,  0.01257789, ...,  0.10877151,
          -0.1053674 , -0.02074402],
         [-0.02154952, -0.08565282, -0.19909436, ...,  0.01816703,
          -0.06074434,  0.02903875],
         ...,
         [-0.06578257, -0.0271893 , -0.14992255, ...,  0.06593399,
           0.02504975, -0.07220963],
         [ 0.03629896,  0.06760067, -0.02101493, ..., -0.05066827,
          -0.00087765,  0.00771103],
         [ 0.01475534,  0.02889329, -0.06217915, ...,  0.06406558,
           0.03674711, -0.00957901]]]], dtype=float32)>, <tf.Variable 'conv2d_transpose_2/bias:0' shape=(128,) dtype=float32, numpy=
array([ 3.3577565e-02, -1.4885637e-02,  3.4861565e-02,  3.9351988e-03,
       -4.6537429e-02, -8.6583637e-02,  7.1964294e-02, -2.4762634e-02,
        1.7989121e-03, -2.8732048e-02, -1.9801944e-03, -3.2529585e-02,
       -7.3673502e-03,  1.0564990e-02,  9.4874119e-03,  9.3781715e-03,
       -8.2176803e-03, -1.6658802e-02, -2.9011758e-03, -2.2920466e-03,
        7.7498622e-02, -3.7752367e-03,  1.9933626e-02,  7.8987600e-03,
        2.0067781e-02, -1.2136471e-03,  2.5458641e-02,  6.5095931e-02,
        2.0803120e-03,  1.2532929e-04,  8.1329092e-02,  4.4730112e-02,
        4.6750911e-02, -2.0378891e-02, -1.2322475e-02,  5.6054514e-02,
       -7.4172728e-03, -1.4469472e-02,  1.7896432e-02, -4.5789923e-03,
        4.3578491e-02,  4.3311842e-02,  4.4172909e-02,  5.1320707e-03,
        2.9570509e-02,  3.7461409e-04,  2.0539481e-02,  2.3608338e-02,
        2.8552391e-02, -2.5862107e-02, -8.9370526e-02,  4.5954366e-03,
        4.9274269e-02, -7.7828667e-03,  1.3557988e-01,  3.6929682e-02,
       -7.1372832e-03,  1.8684555e-02,  2.5981490e-02,  2.6320968e-02,
        2.5850208e-02, -2.5430208e-02, -5.5342026e-02,  1.4472182e-02,
        1.1356891e-02,  7.4791662e-02,  1.6494377e-03, -3.9802857e-02,
        2.5409870e-02,  2.3021901e-02, -3.3494316e-02, -1.0374100e-02,
       -2.7557686e-03,  3.6231950e-03,  2.8007397e-02,  5.7926491e-02,
        2.9216342e-02,  3.1306706e-02,  1.3649555e-02, -2.9957075e-02,
        2.1101760e-02,  1.9926498e-02,  2.5169915e-02, -2.6806384e-02,
        2.5607161e-03,  5.0386988e-02, -1.3064124e-02,  4.8576385e-02,
       -2.1308146e-03,  2.6581404e-03, -9.4764587e-03,  6.3701600e-02,
        6.0812935e-02, -3.4336366e-02, -2.7050758e-03,  1.1619180e-02,
        2.8882144e-02,  4.7736738e-02,  3.5986368e-02, -8.0656528e-02,
       -2.0067552e-02,  5.1609173e-02,  2.9369399e-02, -4.1679060e-03,
       -2.1762373e-02, -1.1782827e-02,  7.1225036e-03,  4.9501650e-02,
       -3.0513410e-03,  5.0386947e-02,  2.7568424e-03, -1.1647443e-02,
        2.0205857e-02, -3.0796218e-03,  7.4321502e-03,  2.4175059e-02,
        1.6001757e-02, -1.2120621e-02,  4.1978873e-02,  7.6520793e-02,
        2.7950039e-02,  1.3843910e-02,  2.9076716e-02, -6.8860888e-03,
       -1.0790095e-02, -3.6109626e-02, -4.6502803e-03,  3.2645162e-02],
      dtype=float32)>]
up_sampling2d_2 <keras.layers.reshaping.up_sampling2d.UpSampling2D object at 0x7f7adc654eb0>
[]
conv2d_transpose_3 <keras.layers.convolutional.conv2d_transpose.Conv2DTranspose object at 0x7f7adc5eb6d0>
[<tf.Variable 'conv2d_transpose_3/kernel:0' shape=(2, 2, 128, 128) dtype=float32, numpy=
array([[[[ 1.31095737e-01, -3.80160958e-02,  9.69234332e-02, ...,
          -1.56806931e-01, -5.14718890e-02, -2.12594688e-01],
         [-5.35730831e-03, -1.00363128e-01, -1.66706830e-01, ...,
          -9.84246060e-02, -5.84323145e-02,  5.85728027e-02],
         [ 1.39902020e-02,  6.72907941e-03, -3.65018807e-02, ...,
           6.37921691e-02, -5.26127592e-02,  3.59099470e-02],
         ...,
         [-3.78613616e-03, -3.82019579e-02, -3.78642492e-02, ...,
           1.16312407e-01,  1.01536028e-02,  5.83595783e-02],
         [ 4.65739593e-02,  6.28643706e-02, -4.04082313e-02, ...,
           2.08561923e-02,  3.90236713e-02, -4.56713550e-02],
         [ 4.66329418e-02, -1.98856797e-02,  7.78195634e-02, ...,
           1.52461931e-01, -3.58781638e-03, -5.47662042e-02]],

        [[ 1.20089218e-01, -1.48722395e-01,  1.03398740e-01, ...,
          -4.55757566e-02,  2.49786279e-03,  4.14542072e-02],
         [-4.65987064e-02, -2.81569622e-02,  7.85600394e-03, ...,
          -1.73812658e-01, -7.43546337e-02, -2.25832183e-02],
         [ 7.86408409e-03, -2.26651095e-02, -5.86942174e-02, ...,
          -3.06304619e-02,  7.09491447e-02,  4.49439585e-02],
         ...,
         [ 8.00521486e-03, -5.46143949e-02, -3.15251350e-02, ...,
           1.31125189e-02, -9.55481976e-02, -1.94610041e-02],
         [-8.56619608e-03, -1.15175629e-02,  9.91597846e-02, ...,
           2.29882654e-02,  5.68370633e-02,  3.99196446e-02],
         [ 2.79163085e-02, -1.07722118e-01,  8.23608115e-02, ...,
           1.34546265e-01,  4.17826436e-02,  3.30687389e-02]]],


       [[[ 9.38781362e-04, -1.27706736e-01, -1.36790782e-01, ...,
          -8.70167390e-02, -1.21376105e-01,  2.11124912e-01],
         [ 4.29839864e-02, -1.91466063e-02, -2.18904242e-01, ...,
           1.63289811e-02, -1.06950477e-01, -5.78827783e-03],
         [ 4.95167710e-02,  2.67141993e-04, -4.10127528e-02, ...,
           5.35690263e-02, -6.77966028e-02, -2.10150108e-02],
         ...,
         [-7.71322474e-02,  2.06409376e-02, -5.13508171e-02, ...,
           1.31748438e-01, -7.01392069e-02, -1.73461973e-03],
         [-2.20269728e-02, -3.69847417e-02,  5.93716418e-03, ...,
          -4.65199957e-03,  2.54767686e-02,  9.03735496e-03],
         [ 5.96961640e-02,  7.01781809e-02,  2.41266608e-01, ...,
           5.67736551e-02, -3.86677496e-02, -2.87638921e-02]],

        [[ 1.98645622e-01, -1.39973029e-01,  3.46701816e-02, ...,
          -5.63839711e-02,  5.98175824e-02, -2.22149286e-02],
         [-2.32108939e-03,  8.16939306e-03,  1.51883038e-02, ...,
          -8.97511840e-02, -1.81447137e-02,  3.49619761e-02],
         [ 4.25424427e-03, -2.23957075e-04, -5.77142015e-02, ...,
           3.00495047e-02, -2.98293848e-02,  5.94009310e-02],
         ...,
         [ 5.26840352e-02, -4.32476364e-02, -8.26337337e-02, ...,
           1.36887774e-01,  2.10742075e-02,  1.07966186e-02],
         [ 2.21165386e-03, -7.16013182e-03,  4.39350270e-02, ...,
           1.67804062e-02,  1.26212491e-02,  3.40577005e-03],
         [-1.21317893e-01, -1.24063781e-02,  2.64607489e-01, ...,
           1.34502709e-01,  8.86960328e-02,  1.68991871e-02]]]],
      dtype=float32)>, <tf.Variable 'conv2d_transpose_3/bias:0' shape=(128,) dtype=float32, numpy=
array([ 0.04272874, -0.00121558,  0.02552634,  0.0432872 ,  0.00698215,
       -0.03467198,  0.0183153 , -0.01471733, -0.00501217, -0.02131223,
       -0.02885731,  0.05000194, -0.01131548,  0.0156676 ,  0.01627979,
       -0.05702982,  0.03657605,  0.0189933 ,  0.02858876,  0.03729102,
        0.01363625,  0.00261491, -0.02970961,  0.00687387, -0.01594393,
        0.02322719, -0.0616219 , -0.0287877 ,  0.0254423 ,  0.08907846,
       -0.00597139, -0.01740912,  0.0107891 ,  0.01146835,  0.01995059,
        0.03828141, -0.00248874,  0.13329855,  0.01205726,  0.06619158,
        0.02217626, -0.01218201,  0.03205998,  0.03054834,  0.05590474,
        0.02304251,  0.05690268,  0.0397325 , -0.00115126, -0.00253799,
       -0.02240811,  0.01375134,  0.01580667, -0.0026692 ,  0.02761317,
        0.00554014, -0.00961052, -0.06426393, -0.0109696 , -0.00043704,
       -0.03400594, -0.03605943,  0.02814103,  0.01123144,  0.02194836,
        0.02907134, -0.02309678,  0.02501568,  0.04229718,  0.00685495,
        0.03565378,  0.02088866, -0.00132824,  0.01557177, -0.10697778,
       -0.0133373 , -0.05104773,  0.02687789, -0.03525697,  0.0254164 ,
        0.0376399 ,  0.03275725, -0.01119493,  0.00680429,  0.00093664,
        0.02943496,  0.00333625, -0.04780593, -0.01692306,  0.01325048,
        0.02812266,  0.03717589,  0.01397858, -0.00817798,  0.02962417,
        0.04482722, -0.01546618, -0.02703194,  0.01854125, -0.03861823,
        0.07556973,  0.01024348, -0.03348486,  0.01314913, -0.00614858,
       -0.0299903 ,  0.00497614,  0.0426507 ,  0.00707254,  0.01062183,
        0.02247944,  0.01108139,  0.01878802,  0.01533597,  0.02102263,
        0.02102268,  0.02155655,  0.03200912, -0.01448588, -0.01754389,
       -0.04982581, -0.02519544, -0.00336946, -0.00079893,  0.02194558,
        0.00303174,  0.03590792,  0.00424706], dtype=float32)>]
up_sampling2d_3 <keras.layers.reshaping.up_sampling2d.UpSampling2D object at 0x7f7adc5eba60>
[]
conv2d_transpose_4 <keras.layers.convolutional.conv2d_transpose.Conv2DTranspose object at 0x7f7adc5e3b80>
[<tf.Variable 'conv2d_transpose_4/kernel:0' shape=(2, 2, 3, 128) dtype=float32, numpy=
array([[[[-0.6981663 , -0.0269442 , -0.07804448, ...,  0.08601242,
          -0.04928678,  0.1564465 ],
         [-0.66845316,  0.04206621,  0.05580077, ...,  0.10015819,
           0.08730634,  0.16747352],
         [-0.50804466, -0.00089903, -0.0832798 , ...,  0.08063001,
          -0.03826047,  0.07726338]],

        [[-0.3467797 , -0.13921681, -0.03969512, ...,  0.08423626,
           0.05689121,  0.07069686],
         [-0.31752703, -0.12512225,  0.06088434, ...,  0.06622059,
          -0.08346169,  0.09578579],
         [-0.33244365, -0.15536146,  0.01399874, ...,  0.04967474,
          -0.01188547,  0.16036768]]],


       [[[-0.13930711, -0.00474255,  0.05510499, ...,  0.1356469 ,
          -0.01329608, -0.1294697 ],
         [-0.10418951,  0.02580479, -0.05327061, ...,  0.11110978,
          -0.03268189, -0.0818532 ],
         [-0.08730022,  0.06363686,  0.01095173, ...,  0.10644784,
          -0.02612538, -0.03763496]],

        [[-0.09465531, -0.06919861,  0.00512327, ...,  0.06925938,
           0.05912843, -0.04812039],
         [-0.04654195, -0.01043793, -0.0750744 , ...,  0.06284074,
          -0.0590456 , -0.09265041],
         [-0.08636533,  0.02418426, -0.08054952, ...,  0.07722798,
           0.06510138, -0.13513283]]]], dtype=float32)>, <tf.Variable 'conv2d_transpose_4/bias:0' shape=(3,) dtype=float32, numpy=array([-0.0076264 , -0.03723951, -0.04346303], dtype=float32)>]